Brazil 
2.4602
0
2.486 (1)
2.434 (1)
2
Germany 
2.2294
0
2.037 (3)
2.421 (2)
3
France 
2.1202
0
1.956 (4)
2.283 (4)
4
Spain 
2.1033
0
1.893 (6)
2.313 (3)
5
Belgium 
2.0141
 1
1.922 (5)
2.106 (5)
6
Argentina 
1.9123
 1
2.051 (2)
1.772 (8)
7
Portugal 
1.7923
0
1.746 (9)
1.837 (7)
8
Colombia 
1.7739
0
1.826 (7)
1.721 (9)
9
Italy 
1.7732
0
1.650 (10)
1.895 (6)
10
England 
1.6953
0
1.747 (8)
1.643 (12)
11
Chile 
1.6134
0
1.608 (12)
1.618 (15)
12
Switzerland 
1.5893
 2
1.521 (14)
1.656 (11)
13
Uruguay 
1.5818
0
1.573 (13)
1.590 (18)
14
Peru 
1.5504
 4
1.465 (15)
1.635 (13)
15
Poland 
1.5056
0
1.459 (16)
1.552 (19)
16
Serbia 
1.4954
 4
1.272 (23)
1.717 (10)
17
Wales 
1.4579
0
1.312 (20)
1.603 (16)
18
Mexico 
1.4442
 3
1.628 (11)
1.259 (28)
19
Netherlands 
1.4203
 3
1.433 (17)
1.407 (22)
20
Croatia 
1.3836
0
1.341 (18)
1.426 (21)
21
Ireland 
1.3066
 3
1.304 (21)
1.308 (25)
22
Sweden 
1.2929
 3
0.984 (40)
1.601 (17)
23
Turkey 
1.2878
0
1.338 (19)
1.237 (31)
24
Northern Ireland 
1.2733
 12
1.167 (28)
1.379 (24)
25
Japan 
1.2628
0
1.131 (30)
1.393 (23)
26
Ecuador 
1.2525
 1
1.199 (25)
1.305 (26)
27
Denmark 
1.2448
 5
0.866 (45)
1.622 (14)
28
Morocco 
1.2426
 17
1.054 (36)
1.431 (20)
29
Iceland 
1.1909
 3
1.123 (31)
1.257 (29)
30
Costa Rica 
1.1795
 5
1.275 (22)
1.083 (36)
31
Iran 
1.1602
 2
1.062 (35)
1.257 (30)
32
Paraguay 
1.1586
 2
1.042 (38)
1.275 (27)
33
Ukraine 
1.1548
 5
1.190 (27)
1.118 (35)
34
Slovakia 
1.1526
 3
1.258 (24)
1.046 (38)
35
Bosnia & Herzegovina 
1.1462
 1
1.152 (29)
1.139 (33)
36
Austria 
1.1374
 4
1.119 (32)
1.154 (32)
37
Egypt 
1.0283
 4
0.988 (39)
1.068 (37)
38
USA 
1.0220
 1
1.191 (26)
0.852 (47)
39
Romania 
0.9868
 2
0.978 (41)
0.994 (40)
40
Scotland 
0.9635
 2
1.102 (33)
0.824 (50)
41
Senegal 
0.9493
 2
1.079 (34)
0.819 (51)
42
Tunisia 
0.9246
 5
0.929 (43)
0.920 (43)
43
South Korea 
0.9165
0
0.909 (44)
0.923 (42)
44
Australia 
0.8788
0
0.777 (51)
0.98 (41)
45
Nigeria 
0.8728
 5
0.859 (46)
0.886 (45)
46
Russia 
0.8676
 4
0.975 (42)
0.759 (53)
47
Venezuela 
0.8373
 1
0.798 (49)
0.876 (46)
48
Greece 
0.8228
 2
0.745 (53)
0.899 (44)
49
Bulgaria 
0.8138
 10
0.822 (48)
0.804 (52)
50
D.R. Congo 
0.7938
 5
0.552 (64)
1.035 (39)
51
Guinea 
0.7676
 18
0.686 (55)
0.848 (48)
52
Montenegro 
0.7556
 2
0.388 (79)
1.122 (34)
53
South Africa 
0.7296
 10
0.826 (47)
0.632 (58)
54
Czech Republic 
0.7051
 2
0.723 (54)
0.686 (57)
55
Cameroon 
0.6927
 6
0.770 (52)
0.615 (60)
56
Vanuatu 
0.6688
 6
1.048 (37)
0.289 (80)
57
Uzbekistan 
0.6686
0
0.586 (61)
0.751 (54)
58
Algeria 
0.6656
 7
0.782 (50)
0.548 (68)
59
Ghana 
0.6376
 1
0.555 (63)
0.719 (56)
60
Zambia 
0.6358
 19
0.530 (69)
0.740 (55)
61
Saudi Arabia 
0.6246
0
0.411 (76)
0.837 (49)
62
Ivory Coast 
0.5964
 10
0.636 (57)
0.556 (67)
63
Panama 
0.5949
 1
0.631 (58)
0.558 (66)
64
Albania 
0.5781
 1
0.617 (59)
0.539 (69)
65
Hungary 
0.5753
 3
0.641 (56)
0.508 (71)
66
Bolivia 
0.5715
 8
0.574 (62)
0.568 (63)
67
Syria 
0.5600
 4
0.534 (66)
0.585 (61)
68
China 
0.5221
 2
0.481 (73)
0.562 (65)
69
Norway 
0.5201
 4
0.476 (74)
0.563 (64)
70
Slovenia 
0.5083
 17
0.488 (71)
0.528 (70)
71
Burkina Faso 
0.4897
 3
0.410 (77)
0.569 (62)
72
Cape Verde 
0.4861
 4
0.589 (60)
0.382 (76)
73
Iraq 
0.4755
 2
0.327 (84)
0.624 (59)
74
United Arab Emirates 
0.4724
 8
0.485 (72)
0.459 (74)
75
Georgia 
0.4466
 3
0.427 (75)
0.465 (73)
76
Finland 
0.4275
 2
0.379 (80)
0.475 (72)
77
Belarus 
0.4240
0
0.532 (67)
0.315 (78)
78
Canada 
0.3989
 10
0.544 (65)
0.253 (84)
79
Jamaica 
0.3504
 2
0.532 (68)
0.168 (91)
80
Zimbabwe 
0.3395
 13
0.339 (83)
0.339 (77)
81
Qatar 
0.3184
 1
0.494 (70)
0.142 (94)
82
Libya 
0.2974
 22
0.161 (90)
0.433 (75)
83
Mali 
0.2929
 3
0.377 (81)
0.208 (88)
84
Gabon 
0.2855
 3
0.306 (85)
0.264 (82)
85
Oman 
0.2487
 1
0.269 (86)
0.228 (87)
86
Honduras 
0.2246
 3
0.355 (82)
0.093 (99)
87
Benin 
0.2131
 4
0.407 (78)
0.018 (103)
88
Uganda 
0.2010
 10
0.203 (88)
0.198 (89)
89
Congo 
0.1871
 18
0.258 (87)
0.116 (98)
90
Cyprus 
0.1581
 5
0.032 (100)
0.284 (81)
91
Haiti 
0.1457
 5
0.154 (91)
0.136 (95)
92
FYR Macedonia 
0.1398
 2
0.018 (102)
0.261 (83)
93
Lebanon 
0.1388
 18
-0.02 (113)
0.299 (79)
94
Estonia 
0.1305
 2
0.181 (89)
0.079 (101)
95
Israel 
0.1172
 11
-0.00 (109)
0.241 (86)
96
Madagascar 
0.1060
 7
-0.03 (117)
0.247 (85)
97
Sudan 
0.1025
 60
0.061 (94)
0.143 (93)
98
Sierra Leone 
0.0913
 1
0.046 (97)
0.136 (96)
99
Jordan 
0.0901
 10
0.014 (103)
0.166 (92)
100
Palestine 
0.0542
 7
-0.02 (114)
0.134 (97)
101
Namibia 
0.0408
 40
-0.00 (108)
0.086 (100)
102
Angola 
0.0242
 25
-0.02 (115)
0.078 (102)
103
Central Africa 
0.0127
 23
0.029 (101)
-0.00 (104)
104
Kuwait 
-0.002
 19
-0.19 (131)
0.189 (90)
105
Bahrain 
-0.012
 5
0.000 (106)
-0.02 (105)
106
Rwanda 
-0.034
 18
0.040 (99)
-0.10 (109)
107
Mozambique 
-0.060
 9
-0.01 (110)
-0.11 (110)
108
Armenia 
-0.061
 14
-0.08 (122)
-0.04 (106)
109
Luxembourg 
-0.074
 7
-0.03 (116)
-0.11 (111)
110
Kenya 
-0.075
 9
-0.06 (121)
-0.08 (107)
111
Thailand 
-0.092
 2
-0.03 (119)
-0.14 (112)
112
Togo 
-0.099
 6
0.003 (105)
-0.20 (116)
113
Kazakhstan 
-0.100
 3
0.047 (96)
-0.24 (118)
114
Tanzania 
-0.101
 1
0.065 (93)
-0.26 (120)
115
Niger 
-0.148
 14
-0.12 (126)
-0.17 (114)
116
Mauritania 
-0.148
0
-0.08 (123)
-0.21 (117)
117
Chad 
-0.157
 9
-0.00 (107)
-0.31 (125)
118
Vietnam 
-0.158
 1
-0.01 (111)
-0.29 (121)
119
Malawi 
-0.159
 6
-0.01 (112)
-0.29 (122)
120
Guatemala 
-0.169
0
0.104 (92)
-0.44 (128)
121
Azerbaijan 
-0.173
 16
-0.17 (129)
-0.17 (115)
122
North Korea 
-0.174
 10
-0.03 (118)
-0.31 (124)
123
Burundi 
-0.191
 9
-0.22 (134)
-0.15 (113)
124
New Zealand 
-0.199
 25
-0.30 (139)
-0.09 (108)
125
Trinidad & Tobago 
-0.202
 11
0.004 (104)
-0.40 (127)
126
Kosovo 
-0.243
 12
0.054 (95)
-0.54 (133)
127
Martinique 
-0.259
 3
-0.04 (120)
-0.47 (131)
128
Faroe Islands 
-0.288
 7
-0.31 (141)
-0.26 (119)
129
Cayman Islands 
-0.302
 13
-0.14 (127)
-0.46 (130)
130
Kyrgyzstan 
-0.312
 10
-0.32 (142)
-0.30 (123)
131
El Salvador 
-0.351
 3
-0.24 (136)
-0.45 (129)
132
Guinea Bissau 
-0.351
 7
-0.12 (125)
-0.57 (135)
133
Liberia 
-0.358
 2
-0.21 (133)
-0.49 (132)
134
Latvia 
-0.359
 16
0.044 (98)
-0.76 (145)
135
Lithuania 
-0.371
 12
-0.09 (124)
-0.64 (137)
136
Belize 
-0.375
 13
-0.16 (128)
-0.58 (136)
137
Moldova 
-0.411
 15
-0.41 (148)
-0.40 (126)
138
Samoa 
-0.455
 1
-0.18 (130)
-0.72 (142)
139
Equatorial Guinea 
-0.457
 18
-0.26 (138)
-0.64 (138)
140
Botswana 
-0.467
 7
-0.22 (135)
-0.70 (140)
141
New Caledonia 
-0.472
 13
-0.36 (143)
-0.57 (134)
142
Swaziland 
-0.484
 25
-0.30 (140)
-0.65 (139)
143
Antigua and Barbuda 
-0.510
 11
-0.25 (137)
-0.76 (146)
144
Ethiopia 
-0.568
 5
-0.40 (147)
-0.72 (143)
145
Philippines 
-0.580
 2
-0.44 (150)
-0.71 (141)
146
Turkmenistan 
-0.595
 10
-0.38 (145)
-0.80 (147)
147
Cook Islands 
-0.597
0
-0.20 (132)
-0.99 (155)
148
Gambia 
-0.625
 3
-0.40 (146)
-0.84 (149)
149
Nicaragua 
-0.652
 5
-0.37 (144)
-0.93 (151)
150
Comoros 
-0.678
 2
-0.59 (153)
-0.75 (144)
151
Saint Kitts and Nevis 
-0.717
 6
-0.48 (151)
-0.94 (152)
152
French Guiana 
-0.746
 1
-0.42 (149)
-1.06 (158)
153
India 
-0.749
 3
-0.66 (154)
-0.83 (148)
154
Indonesia 
-0.857
 8
-0.58 (152)
-1.12 (161)
155
Hong Kong 
-0.878
 3
-0.78 (161)
-0.96 (153)
156
Tajikistan 
-0.896
 3
-0.76 (160)
-1.02 (156)
157
Yemen 
-0.910
 9
-0.76 (159)
-1.05 (157)
158
Guam 
-0.929
0
-0.87 (166)
-0.98 (154)
159
Cuba 
-0.946
 5
-0.70 (155)
-1.19 (166)
160
Bermuda 
-0.965
 5
-0.81 (162)
-1.11 (160)
161
Curacao 
-0.974
 16
-0.72 (157)
-1.22 (168)
162
Lesotho 
-0.999
 1
-0.73 (158)
-1.26 (170)
163
Andorra 
-1.007
 5
-1.15 (179)
-0.86 (150)
164
Montserrat 
-1.025
 11
-0.85 (165)
-1.19 (167)
165
Saint Lucia 
-1.037
 6
-0.91 (168)
-1.16 (164)
166
American Samoa 
-1.042
 3
-0.71 (156)
-1.37 (178)
167
Myanmar 
-1.059
 7
-0.85 (164)
-1.26 (172)
168
Fiji 
-1.076
 12
-0.99 (172)
-1.15 (163)
169
Malta 
-1.095
 7
-1.04 (174)
-1.14 (162)
170
Sao Tome and Principe 
-1.101
0
-1.02 (173)
-1.18 (165)
171
Dominican Republic 
-1.123
 12
-0.95 (170)
-1.29 (174)
172
Afghanistan 
-1.141
 8
-1.19 (180)
-1.08 (159)
173
Mauritius 
-1.145
 6
-0.97 (171)
-1.31 (175)
174
Guadeloupe 
-1.180
 8
-1.12 (178)
-1.23 (169)
175
Brunei 
-1.198
 6
-0.82 (163)
-1.57 (184)
176
Barbados 
-1.236
 2
-1.20 (181)
-1.26 (171)
177
Singapore 
-1.243
 12
-1.10 (177)
-1.38 (179)
178
South Sudan 
-1.254
 4
-0.89 (167)
-1.61 (185)
179
Chinese Taipei 
-1.268
 6
-1.09 (176)
-1.44 (180)
180
Seychelles 
-1.283
 4
-1.23 (182)
-1.33 (176)
181
Grenada 
-1.290
 2
-1.05 (175)
-1.52 (182)
182
Solomon Islands 
-1.304
 13
-1.26 (184)
-1.34 (177)
183
Pakistan 
-1.310
 5
-1.33 (186)
-1.28 (173)
184
Liechtenstein 
-1.416
 11
-1.34 (188)
-1.48 (181)
185
Bonaire 
-1.418
 4
-0.93 (169)
-1.90 (191)
186
Tahiti 
-1.432
 10
-1.32 (185)
-1.54 (183)
187
Gibraltar 
-1.481
 1
-1.23 (183)
-1.72 (188)
188
Malaysia 
-1.582
 16
-1.46 (192)
-1.69 (187)
189
Nepal 
-1.591
 2
-1.39 (190)
-1.78 (189)
190
Guyana 
-1.601
0
-1.36 (189)
-1.83 (190)
191
Dominica 
-1.621
 2
-1.61 (196)
-1.63 (186)
192
Puerto Rico 
-1.760
 3
-1.39 (191)
-2.12 (196)
193
Saint Vincent and the Grenadines 
-1.791
 1
-1.33 (187)
-2.24 (200)
194
Somalia 
-1.887
 7
-1.76 (198)
-2.01 (193)
195
United States Virgin Islands 
-1.917
 5
-1.73 (197)
-2.10 (195)
196
Suriname 
-1.918
 1
-1.54 (193)
-2.28 (202)
197
East Timor 
-1.920
 5
-1.56 (194)
-2.27 (201)
198
Papua New Guinea 
-1.937
 7
-1.81 (199)
-2.05 (194)
199
Maldives 
-1.958
 3
-1.97 (202)
-1.94 (192)
200
Aruba 
-1.964
 1
-1.59 (195)
-2.33 (203)
201
Eritrea 
-2.021
 3
-1.82 (200)
-2.21 (199)
202
Cambodia 
-2.216
0
-2.24 (207)
-2.18 (198)
203
Anguilla 
-2.353
 5
-1.90 (201)
-2.79 (208)
204
Turks and Caicos Islands 
-2.427
0
-2.20 (204)
-2.65 (204)
205
Tonga 
-2.443
 2
-2.22 (206)
-2.66 (205)
206
Laos 
-2.561
 3
-2.33 (209)
-2.78 (207)
207
Bahamas 
-2.564
 2
-2.21 (205)
-2.90 (209)
208
San Marino 
-2.625
 3
-3.11 (214)
-2.13 (197)
209
Macau 
-2.680
 4
-2.20 (203)
-3.15 (212)
210
British Virgin Islands 
-2.697
 3
-2.63 (211)
-2.76 (206)
211
Bangladesh 
-2.752
 5
-2.30 (208)
-3.20 (213)
212
Mongolia 
-2.841
 2
-2.61 (210)
-3.06 (211)
213
Djibouti 
-2.852
 3
-2.70 (212)
-2.99 (210)
214
Bhutan 
-3.084
 2
-2.71 (213)
-3.45 (214)
215
Sri Lanka 
-3.905
0
-3.87 (215)
-3.93 (215)
