1	GERGermany	1533(1532.68)	1609	0		784.89	784.89	804.19	402.09	463.51	139.05	1033.19	206.64	
2	BRABrazil	1384(1384.24)	1489	0		560.52	560.52	990.59	495.29	565.90	169.77	793.26	158.65	
3	BELBelgium	1346(1345.65)	1337	2		684.48	684.48	594.99	297.50	592.33	177.70	929.90	185.98	
4	PORPortugal	1306(1306.35)	1360	-1		687.22	687.22	658.47	329.23	576.48	172.94	584.73	116.95	
5	ARGArgentina	1254(1253.61)	1359	-1		418.94	418.94	839.74	419.87	769.42	230.83	919.87	183.97	
6	SUISwitzerland	1179(1179.21)	1197	2		594.33	594.33	716.99	358.49	390.85	117.26	545.66	109.13	
7	FRAFrance	1166(1166.42)	1185	2		517.68	517.68	828.04	414.02	347.19	104.16	652.83	130.57	
8	ESPSpain	1162(1161.59)	1228	-2		571.55	571.55	593.19	296.59	684.65	205.39	440.29	88.06	
9	CHIChile	1146(1145.74)	1161	1		435.51	435.51	714.45	357.22	850.55	255.17	489.25	97.85	
10	POLPoland	1118(1117.94)	1228	-4		499.90	499.90	764.51	382.25	450.51	135.15	503.18	100.64	
11	PERPeru	1106(1106.39)	1128	0		585.98	585.98	743.69	371.85	372.92	111.87	183.44	36.69	
12	DENDenmark	1054(1053.7)	1108	0		725.70	725.70	313.01	156.50	312.44	93.73	388.85	77.77	
13	ENGEngland	1040(1040.33)	1047	3		481.83	481.83	576.30	288.15	556.48	166.94	517.02	103.40	
14	TUNTunisia	1012(1012.15)	920	9		654.26	654.26	388.94	194.47	221.51	66.45	484.87	96.97	
15	MEXMexico	1008(1007.66)	1038	2		464.84	464.84	612.85	306.42	465.44	139.63	483.79	96.76	
16	COLColombia	989(988.57)	1106	-3		307.05	307.05	683.93	341.96	617.18	185.15	772.00	154.40	
17	URUUruguay	976(976.5)	931	5		437.65	437.65	481.04	240.52	596.12	178.84	597.48	119.50	
18	CROCroatia	975(975.17)	1053	-3		448.53	448.53	613.87	306.94	382.82	114.85	524.25	104.85	
19	NEDNetherlands	969(968.59)	964	2		555.26	555.26	310.64	155.32	269.28	80.78	886.14	177.23	
20	ITAItaly	947(947.03)	1062	-6		373.61	373.61	692.51	346.25	411.89	123.57	518.05	103.61	
21	WALWales	931(931.37)	984	-1		353.84	353.84	683.10	341.55	404.91	121.47	572.55	114.51	
22	ISLIceland	930(930.22)	1026	-4		487.38	487.38	506.60	253.30	339.98	101.99	437.70	87.54	
23	SWESweden	889(889.48)	1002	-4		507.67	507.67	414.85	207.43	378.28	113.48	304.52	60.90	
24	USAUSA	880(879.64)	876	1		485.97	485.97	433.41	216.70	385.31	115.59	306.89	61.38	
25	CRCCosta Rica	858(858.02)	872	1		406.15	406.15	469.42	234.71	304.31	91.29	629.32	125.86	
26	AUTAustria	841(840.97)	826	2		446.34	446.34	203.45	101.72	610.71	183.21	548.51	109.70	
27	NIRNorthern Ireland	837(837.28)	879	-3		402.97	402.97	387.46	193.73	477.71	143.31	486.34	97.27	
28	SENSenegal	825(825.44)	862	-1		389.94	389.94	505.25	252.62	267.91	80.37	512.51	102.50	
29	SVKSlovakia	786(785.86)	822	0		349.12	349.12	424.71	212.36	325.55	97.66	633.64	126.73	
30	UKRUkraine	777(777.1)	778	5		417.22	417.22	314.60	157.30	467.03	140.11	312.37	62.47	
31	IRLRepublic of Ireland	776(775.75)	804	0		338.31	338.31	426.79	213.39	553.91	166.17	289.38	57.88	
32	ROURomania	737(737.4)	749	4		386.39	386.39	204.39	102.20	370.01	111.00	689.03	137.81	
32	PARParaguay	737(736.92)	816	-2		359.06	359.06	399.06	199.53	495.29	148.59	148.71	29.74	
34	SCOScotland	735(734.82)	797	-2		466.54	466.54	213.42	106.71	287.76	86.33	376.21	75.24	
35	SRBSerbia	732(731.75)	780	-1		417.12	417.12	378.71	189.35	300.14	90.04	176.18	35.24	
36	IRNIR Iran	727(726.92)	792	-3		327.85	327.85	470.21	235.11	321.98	96.59	336.87	67.37	
37	TURTurkey	714(714.12)	730	1		273.49	273.49	351.18	175.59	712.22	213.66	256.89	51.38	
38	CODCongo DR	711(711.22)	728	1		336.51	336.51	417.74	208.87	297.93	89.38	382.36	76.47	
39	VENVenezuela	709(709.44)	659	9		425.68	425.68	373.63	186.81	229.87	68.96	139.94	27.99	
40	AUSAustralia	700(699.57)	740	-3		361.90	361.90	354.20	177.10	353.81	106.14	272.17	54.43	
41	BIHBosnia and Herzegovina	688(687.81)	700	0		269.32	269.32	375.30	187.65	527.23	158.17	363.33	72.67	
42	MARMorocco	681(681.12)	694	0		359.90	359.90	358.15	179.07	381.65	114.50	138.27	27.65	
43	MNEMontenegro	671(670.87)	675	3		390.74	390.74	407.55	203.78	118.91	35.67	203.39	40.68	
44	GREGreece	657(656.78)	685	1		321.47	321.47	393.81	196.91	222.85	66.85	357.79	71.56	
45	CZECzech Republic	647(646.62)	690	-2		293.48	293.48	274.23	137.12	357.67	107.30	543.62	108.72	
46	EGYEgypt	636(635.72)	687	-2		212.50	212.50	568.68	284.34	323.98	97.19	208.42	41.68	
47	NGANigeria	635(635.14)	609	5		274.01	274.01	477.39	238.70	190.76	57.23	326.03	65.21	
48	JAMJamaica	612(611.9)	643	1		364.08	364.08	175.16	87.58	359.58	107.87	261.82	52.36	
49	NORNorway	608(608.36)	578	8		402.82	402.82	96.03	48.02	367.04	110.11	237.04	47.41	
50	HUNHungary	604(603.77)	637	0		179.81	179.81	351.72	175.86	600.77	180.23	339.37	67.87	
51	CMRCameroon	603(603.23)	611	0		220.41	220.41	494.94	247.47	236.73	71.02	321.70	64.34	
51	GHAGhana	603(602.95)	602	3		250.56	250.56	342.41	171.20	278.93	83.68	487.52	97.50	
53	BFABurkina Faso	591(591.35)	587	3		211.00	211.00	543.68	271.84	187.85	56.35	260.77	52.15	
54	BULBulgaria	583(583.2)	715	-14		269.64	269.64	378.68	189.34	233.89	70.17	270.26	54.05	
55	PANPanama	575(574.78)	605	-2		285.44	285.44	318.55	159.28	293.86	88.16	209.56	41.91	
56	ALBAlbania	549(548.51)	557	2		263.09	263.09	239.65	119.82	238.16	71.45	470.75	94.15	
57	BOLBolivia	548(548.13)	674	-10		325.83	325.83	264.58	132.29	240.81	72.24	88.83	17.77	
58	CPVCape Verde Islands	545(545.47)	539	3		341.70	341.70	99.63	49.82	241.19	72.36	407.97	81.59	
59	HONHonduras	530(529.64)	517	5		304.09	304.09	326.75	163.38	162.82	48.84	66.68	13.34	
60	JPNJapan	528(528.22)	593	-5		177.16	177.16	407.86	203.93	266.44	79.93	335.96	67.19	
61	KORKorea Republic	520(519.75)	554	-2		159.92	159.92	404.98	202.49	316.17	94.85	312.46	62.49	
62	ALGAlgeria	516(516.47)	553	-2		207.94	207.94	233.69	116.84	302.92	90.88	504.06	100.81	
63	FINFinland	507(506.86)	503	5		352.12	352.12	53.79	26.90	328.63	98.59	146.29	29.26	
64	ECUEcuador	506(506.42)	508	1		67.14	67.14	372.42	186.21	626.79	188.04	325.19	65.04	
65	SVNSlovenia	495(495.37)	537	-3		215.68	215.68	309.51	154.76	231.11	69.33	278.03	55.61	
66	RUSRussia	493(493.15)	531	-3		211.16	211.16	168.88	84.44	419.66	125.90	358.27	71.65	
67	MLIMali	462(462.19)	506	0		195.42	195.42	258.83	129.41	273.89	82.17	276.00	55.20	
68	CIVCôte d'Ivoire	458(457.79)	479	3		115.30	115.30	314.24	157.12	294.49	88.35	485.12	97.02	
69	GUIGuinea	450(449.51)	484	1		213.84	213.84	175.95	87.98	228.79	68.64	395.33	79.07	
70	KSASaudi Arabia	445(444.66)	494	-1		126.65	126.65	360.20	180.10	380.91	114.27	118.20	23.64	
71	CUWCuraçao	439(438.87)	407	11		190.64	190.64	373.58	186.79	119.00	35.70	128.71	25.74	
72	RSASouth Africa	433(432.62)	440	4		193.72	193.72	214.93	107.47	223.03	66.91	322.64	64.53	
73	CHNChina PR	431(431.19)	508	-8		207.98	207.98	207.53	103.76	234.48	70.35	245.50	49.10	
74	UGAUganda	426(425.76)	435	4		187.11	187.11	218.03	109.01	242.22	72.67	284.85	56.97	
75	KGZKyrgyz Republic	424(424.06)	282	40		287.73	287.73	92.41	46.20	255.80	76.74	66.96	13.39	
76	SYRSyria	423(422.85)	442	-2		201.59	201.59	265.35	132.68	207.54	62.26	131.58	26.32	
77	MKDFYR Macedonia	422(421.86)	441	-2		325.16	325.16	118.80	59.40	68.31	20.49	84.05	16.81	
78	ZAMZambia	413(412.95)	438	-1		233.22	233.22	113.94	56.97	205.20	61.56	305.97	61.19	
79	BLRBelarus	410(409.65)	376	14		186.19	186.19	202.46	101.23	269.47	80.84	207.01	41.40	
80	CANCanada	407(407.48)	388	10		238.61	238.61	146.16	73.08	229.53	68.86	134.67	26.93	
81	UAEUnited Arab Emirates	405(404.8)	430	-2		183.25	183.25	193.45	96.73	254.61	76.38	242.20	48.44	
82	LIBLebanon	404(404.1)	390	5		301.75	301.75	132.72	66.36	106.59	31.98	20.06	4.01	
83	LUXLuxembourg	401(400.64)	405	0		312.46	312.46	44.24	22.12	175.63	52.69	66.89	13.38	
83	PLEPalestine	401(400.56)	449	-10		244.80	244.80	130.73	65.37	207.02	62.11	141.43	28.29	
85	SLVEl Salvador	392(392.23)	390	2		243.34	243.34	141.67	70.83	171.16	51.35	133.55	26.71	
86	CYPCyprus	386(386.13)	378	6		198.44	198.44	126.65	63.32	251.21	75.36	245.03	49.01	
87	OMAOman	383(382.51)	331	16		246.54	246.54	116.09	58.04	176.62	52.99	124.70	24.94	
88	UZBUzbekistan	381(380.96)	451	-16		93.44	93.44	315.56	157.78	311.74	93.52	181.07	36.21	
88	IRQIraq	381(380.83)	405	-5		234.97	234.97	109.65	54.83	157.68	47.30	218.68	43.74	
90	BENBenin	379(378.79)	427	-9		173.02	173.02	158.10	79.05	294.77	88.43	191.44	38.29	
91	CGOCongo	378(377.52)	390	-4		160.58	160.58	113.84	56.92	253.26	75.98	420.24	84.05	
92	TRITrinidad and Tobago	374(374.41)	430	-13		142.38	142.38	137.85	68.93	354.19	106.26	284.28	56.86	
92	GABGabon	374(373.64)	371	3		170.26	170.26	182.58	91.29	119.88	35.96	380.65	76.13	
94	ESTEstonia	364(364.21)	399	-8		193.61	193.61	143.55	71.77	209.43	62.83	179.98	36.00	
94	FROFaroe Islands	364(363.73)	364	3		124.67	124.67	225.23	112.61	241.31	72.39	270.27	54.05	
96	GEOGeorgia	362(361.5)	332	5		219.92	219.92	142.04	71.02	186.43	55.93	73.16	14.63	
97	INDIndia	354(354.41)	339	2		187.00	187.00	260.61	130.31	67.02	20.11	85.00	17.00	
98	ARMArmenia	347(346.99)	385	-7		126.47	126.47	348.77	174.38	95.87	28.76	86.88	17.38	
98	ISRIsrael	347(346.94)	375	-4		60.11	60.11	318.04	159.02	140.66	42.20	428.07	85.61	
100	LBYLibya	341(340.54)	339	-1		172.55	172.55	213.78	106.89	183.88	55.16	29.67	5.93	
101	QATQatar	339(339.15)	332	0		149.64	149.64	159.66	79.83	251.18	75.35	171.62	34.32	
102	SLESierra Leone	332(332.32)	360	-4		190.06	190.06	161.50	80.75	124.68	37.41	120.50	24.10	
103	VIEVietnam	331(330.7)	293	10		222.70	222.70	98.32	49.16	132.05	39.62	96.12	19.22	
104	GNBGuinea-Bissau	330(329.88)	368	-8		135.15	135.15	167.66	83.83	233.27	69.98	204.61	40.92	
105	MTNMauritania	323(323.16)	322	-1		129.24	129.24	195.01	97.51	202.58	60.77	178.18	35.64	
106	MOZMozambique	311(311.05)	317	-1		138.00	138.00	154.56	77.28	148.62	44.59	255.91	51.18	
107	NAMNamibia	305(305.13)	302	4		128.35	128.35	212.57	106.29	136.45	40.93	147.82	29.56	
108	HAIHaiti	302(302.4)	403	-23		27.20	27.20	295.57	147.78	288.34	86.50	204.55	40.91	
109	NIGNiger	299(298.91)	305	1		179.35	179.35	98.18	49.09	163.94	49.18	106.44	21.29	
110	ZIMZimbabwe	295(294.68)	312	-2		147.48	147.48	169.96	84.98	168.06	50.42	59.04	11.81	
111	MADMadagascar	293(292.63)	309	-2		138.03	138.03	140.25	70.13	183.57	55.07	147.06	29.41	
112	PRKKorea DPR	292(291.72)	270	7		133.73	133.73	142.07	71.04	261.77	78.53	42.12	8.42	
113	KENKenya	289(289.08)	317	-8		75.40	75.40	277.31	138.66	177.05	53.11	109.58	21.92	
113	PHIPhilippines	289(288.53)	265	9		151.51	151.51	105.12	52.56	208.01	62.40	110.27	22.05	
115	CTACentral African Republic	283(282.68)	266	6		148.75	148.75	98.18	49.09	268.46	80.54	21.50	4.30	
116	BHRBahrain	281(280.66)	253	9		166.33	166.33	93.39	46.70	127.16	38.15	147.44	29.49	
117	JORJordan	272(272.23)	276	0		127.89	127.89	109.69	54.84	257.18	77.15	61.72	12.34	
118	TJKTajikistan	271(270.63)	255	6		164.90	164.90	142.42	71.21	67.47	20.24	71.37	14.27	
119	KAZKazakhstan	269(268.78)	223	17		105.01	105.01	171.38	85.69	202.52	60.76	86.64	17.33	
120	MWIMalawi	267(267.24)	264	3		88.49	88.49	169.65	84.82	154.56	46.37	237.82	47.56	
121	TPEChinese Taipei	263(262.85)	225	13		194.65	194.65	107.33	53.67	18.21	5.46	45.37	9.07	
122	THAThailand	253(252.65)	238	7		119.90	119.90	97.85	48.93	210.49	63.15	103.38	20.68	
123	RWARwanda	252(252.02)	296	-11		89.97	89.97	70.13	35.06	177.52	53.26	368.65	73.73	
124	ATGAntigua and Barbuda	251(250.86)	212	15		51.17	51.17	142.80	71.40	268.81	80.64	238.21	47.64	
125	YEMYemen	250(250.06)	211	15		113.42	113.42	212.93	106.46	44.63	13.39	83.92	16.78	
126	SKNSt Kitts and Nevis	245(245.19)	316	-19		55.01	55.01	144.95	72.48	241.97	72.59	225.55	45.11	
126	AZEAzerbaijan	245(245.01)	243	1		68.06	68.06	246.44	123.22	133.65	40.10	68.18	13.64	
126	SDNSudan	245(244.6)	276	-9		162.89	162.89	12.07	6.04	136.80	41.04	173.19	34.64	
129	TKMTurkmenistan	242(242.26)	292	-15		131.40	131.40	63.75	31.88	220.29	66.09	64.50	12.90	
129	TOGTogo	242(241.71)	241	-1		78.96	78.96	165.36	82.68	115.93	34.78	226.46	45.29	
131	SWZSwaziland	240(239.94)	227	2		40.16	40.16	242.73	121.36	220.71	66.21	60.99	12.20	
132	ANDAndorra	230(230.03)	232	-2		198.35	198.35	63.36	31.68	0.00	0.00	0.00	0.00	
133	NZLNew Zealand	229(228.86)	267	-13		78.58	78.58	245.57	122.79	63.58	19.07	42.13	8.43	
133	LTULithuania	229(228.76)	182	14		63.93	63.93	199.42	99.71	83.60	25.08	200.22	40.04	
135	MYAMyanmar	227(226.56)	203	7		157.52	157.52	51.07	25.54	81.03	24.31	96.01	19.20	
136	NCANicaragua	224(223.92)	277	-20		40.07	40.07	168.53	84.27	271.24	81.37	91.07	18.21	
137	TANTanzania	223(223.27)	186	9		105.93	105.93	88.23	44.12	118.58	35.57	188.28	37.66	
138	ANGAngola	221(220.62)	210	3		125.50	125.50	44.47	22.23	114.11	34.23	193.26	38.65	
139	LVALatvia	217(216.85)	231	-8		78.26	78.26	95.15	47.58	141.64	42.49	242.61	48.52	
140	GUAGuatemala	198(197.93)	245	-14		0.00	0.00	164.88	82.44	221.96	66.59	244.52	48.90	
141	COMComoros	195(194.57)	230	-9		93.08	93.08	104.41	52.20	137.36	41.21	40.42	8.08	
142	HKGHong Kong	194(194.34)	190	3		95.01	95.01	69.45	34.72	176.18	52.85	58.76	11.75	
142	AFGAfghanistan	194(193.6)	176	6		115.05	115.05	61.20	30.60	103.06	30.92	85.14	17.03	
144	EQGEquatorial Guinea	190(189.98)	213	-6		25.50	25.50	73.44	36.72	157.23	47.17	402.98	80.60	
145	ETHEthiopia	188(188.34)	221	-8		56.31	56.31	127.50	63.75	123.58	37.07	156.04	31.21	
145	BDIBurundi	188(187.74)	203	-3		83.78	83.78	51.00	25.50	182.11	54.63	119.12	23.82	
147	MDVMaldives	183(183.03)	161	3		91.07	91.07	92.08	46.04	68.00	20.40	127.57	25.51	
148	BOTBotswana	176(175.88)	173	1		41.93	41.93	75.86	37.93	215.11	64.53	157.39	31.48	
149	DOMDominican Republic	175(175.15)	121	14		72.93	72.93	107.61	53.81	72.68	21.80	133.08	26.62	
149	LESLesotho	175(174.93)	193	-5		81.10	81.10	77.07	38.53	82.45	24.74	152.80	30.56	
151	LBRLiberia	167(166.76)	224	-16		60.69	60.69	44.63	22.31	228.44	68.53	76.11	15.22	
152	KVXKosovo	164(163.57)	97	24		107.43	107.43	112.28	56.14	0.00	0.00	0.00	0.00	
153	SOLSolomon Islands	162(161.61)	152	-2		114.11	114.11	79.69	39.84	25.50	7.65	0.00	0.00	
154	SURSuriname	140(140.25)	140	3		0.00	0.00	272.00	136.00	0.00	0.00	21.25	4.25	
155	SSDSouth Sudan	139(138.93)	148	-1		51.85	51.85	63.75	31.88	159.38	47.81	36.98	7.40	
156	VANVanuatu	136(135.74)	141	0		86.02	86.02	63.75	31.88	59.50	17.85	0.00	0.00	
157	NCLNew Caledonia	135(134.67)	146	-2		74.38	74.38	120.59	60.30	0.00	0.00	0.00	0.00	
158	PURPuerto Rico	128(128.16)	112	8		8.50	8.50	136.91	68.46	140.08	42.02	45.90	9.18	
159	MRIMauritius	122(122.33)	134	-1		47.01	47.01	45.66	22.83	152.42	45.73	33.83	6.77	
160	BRBBarbados	118(117.63)	151	-8		48.57	48.57	0.00	0.00	118.29	35.49	167.88	33.58	
161	TAHTahiti	117(117.48)	149	-8		34.00	34.00	166.96	83.48	0.00	0.00	0.00	0.00	
162	IDNIndonesia	111(111.49)	123	0		62.39	62.39	70.05	35.03	0.00	0.00	70.38	14.08	
162	GUYGuyana	111(111.15)	126	-3		0.00	0.00	63.75	31.88	227.80	68.34	54.68	10.94	
162	NEPNepal	111(110.9)	116	3		56.67	56.67	70.83	35.42	48.57	14.57	21.25	4.25	
165	CHAChad	110(109.82)	110	3		0.00	0.00	0.00	0.00	293.25	87.98	109.22	21.84	
165	FIJFiji	110(109.75)	110	3		61.80	61.80	60.21	30.10	59.50	17.85	0.00	0.00	
167	BLZBelize	107(106.81)	96	10		0.00	0.00	43.11	21.55	255.85	76.76	42.50	8.50	
168	LCASt Lucia	105(105.1)	101	5		42.50	42.50	0.00	0.00	130.90	39.27	116.67	23.33	
168	CAMCambodia	105(104.71)	103	3		45.54	45.54	70.00	35.00	31.63	9.49	73.41	14.68	
170	MASMalaysia	104(103.65)	95	8		28.48	28.48	86.77	43.38	74.38	22.31	47.40	9.48	
171	GRNGrenada	103(103.13)	126	-12		50.36	50.36	21.25	10.63	101.68	30.50	58.18	11.64	
172	SINSingapore	102(102.15)	103	-1		29.88	29.88	39.79	19.89	137.77	41.33	55.25	11.05	
173	MDAMoldova	98(97.52)	105	-3		41.78	41.78	44.74	22.37	49.12	14.73	93.18	18.64	
174	VINSt Vincent and the Grenadines	95(94.53)	100	1		34.00	34.00	0.00	0.00	91.48	27.44	165.43	33.09	
175	GAMGambia	94(94.44)	120	-11		37.40	37.40	46.92	23.46	83.02	24.91	43.35	8.67	
176	KUWKuwait	88(88.45)	101	-3		30.03	30.03	0.00	0.00	140.20	42.06	81.79	16.36	
176	DMADominica	88(88.05)	112	-10		51.00	51.00	0.00	0.00	84.15	25.25	59.03	11.81	
178	BERBermuda	82(82.49)	78	6		34.00	34.00	0.00	0.00	53.98	16.19	161.50	32.30	
179	LAOLaos	80(79.69)	82	4		21.25	21.25	59.20	29.60	63.57	19.07	48.85	9.77	
180	PNGPapua New Guinea	78(78.41)	126	-21		0.00	0.00	141.53	70.76	25.50	7.65	0.00	0.00	
181	LIELiechtenstein	77(76.7)	91	0		40.17	40.17	0.00	0.00	26.87	8.06	142.31	28.46	
182	CUBCuba	75(74.88)	88	0		14.28	14.28	0.00	0.00	116.68	35.00	127.99	25.60	
182	ARUAruba	75(74.85)	92	-2		0.00	0.00	0.00	0.00	161.50	48.45	132.00	26.40	
184	BHUBhutan	68(68)	63	4		0.00	0.00	85.00	42.50	0.00	0.00	127.50	25.50	
185	MLTMalta	62(61.65)	68	0		24.75	24.75	10.27	5.14	72.64	21.79	49.85	9.97	
186	MACMacau	60(60.11)	65	0		18.21	18.21	53.13	26.56	8.50	2.55	63.92	12.78	
187	STPSão Tomé e Príncipe	59(58.97)	94	-8		0.00	0.00	0.00	0.00	196.56	58.97	0.00	0.00	
188	MNGMongolia	51(51)	49	1		8.50	8.50	34.00	17.00	0.00	0.00	127.50	25.50	
189	GUMGuam	45(44.96)	43	2		0.00	0.00	0.00	0.00	113.42	34.03	54.64	10.93	
190	TLSTimor-Leste	44(43.94)	44	0		41.82	41.82	4.25	2.13	0.00	0.00	0.00	0.00	
191	ASAAmerican Samoa	38(38.25)	38	3		0.00	0.00	0.00	0.00	127.50	38.25	0.00	0.00	
191	COKCook Islands	38(38.25)	38	3		0.00	0.00	0.00	0.00	127.50	38.25	0.00	0.00	
191	SAMSamoa	38(38.25)	38	3		0.00	0.00	0.00	0.00	127.50	38.25	0.00	0.00	
194	BRUBrunei Darussalam	36(36.12)	39	-1		0.00	0.00	42.50	21.25	0.00	0.00	74.38	14.88	
194	SEYSeychelles	36(35.62)	43	-3		14.21	14.21	0.00	0.00	54.36	16.31	25.50	5.10	
196	GIBGibraltar	34(34.16)	0	10		34.16	34.16	0.00	0.00	0.00	0.00	0.00	0.00	
197	BANBangladesh	33(33.19)	31	0		0.00	0.00	21.25	10.63	35.53	10.66	59.50	11.90	
198	DJIDjibouti	27(26.56)	64	-11		0.00	0.00	53.13	26.56	0.00	0.00	0.00	0.00	
199	VIRUS Virgin Islands	18(17.6)	26	-1		0.00	0.00	0.00	0.00	0.00	0.00	87.98	17.60	
200	MSRMontserrat	17(17.45)	20	-1		0.00	0.00	0.00	0.00	0.00	0.00	87.25	17.45	
200	SRISri Lanka	17(16.76)	16	0		0.00	0.00	8.50	4.25	25.50	7.65	24.29	4.86	
202	TCATurks and Caicos Islands	13(13.2)	13	-1		0.00	0.00	0.00	0.00	0.00	0.00	66.00	13.20	
203	PAKPakistan	10(10.17)	12	0		0.00	0.00	0.00	0.00	0.00	0.00	50.83	10.17	
204	CAYCayman Islands	8(8.5)	13	-3		0.00	0.00	0.00	0.00	0.00	0.00	42.50	8.50	
205	SMRSan Marino	8(7.92)	11	-1		0.00	0.00	0.00	0.00	0.00	0.00	39.60	7.92	
206	VGBBritish Virgin Islands	4(3.54)	6	-1		0.00	0.00	0.00	0.00	0.00	0.00	17.71	3.54	
207	AIAAnguilla	0(0)	0	-1		0.00	0.00	0.00	0.00	0.00	0.00	0.00	0.00	
207	BAHBahamas	0(0)	0	-1		0.00	0.00	0.00	0.00	0.00	0.00	0.00	0.00	
207	ERIEritrea	0(0)	0	-1		0.00	0.00	0.00	0.00	0.00	0.00	0.00	0.00	
207	SOMSomalia	0(0)	0	-1		0.00	0.00	0.00	0.00	0.00	0.00	0.00	0.00	
207	TGATonga	0(0)	0	-1		0.00	0.00	0.00	0.00	0.00	0.00	0.00	0.00	

